B2>>>>>>>>>>>>>>>>>>>>
B20:	0.9671052631578947	P1
B21:	0.9035433070866141	P0



B3>>>>>>>>>>>>>>>>>>>>
B30:	0.9548611111111112	P1-3
B31:	0.8390804597701149	P0-3



B7>>>>>>>>>>>>>>>>>>>>
B70:	0.9686746987951808	P1-2
B71:	0.9169909208819714	P0-2


BM1>>>>>>>>>>>>>>>>>>>>
BM10:	0.9644322845417237	P0
BM11:	0.8258164852255054	P2
BM12:	0.9418103448275862	P1
BM13:	0.71			P3
